Output:-
Epoch 1/30
Input Sample: [-1.2188824e-03  2.7990270e-01  5.4977202e-01  7.9758728e-01
  1.0134293e+00  1.1886587e+00  1.3162618e+00  1.3911312e+00
  1.4102699e+00  1.3729119e+00  1.2805527e+00  1.1368890e+00
  9.4767112e-01  7.2047269e-01  4.6438766e-01  1.8966614e-01
 -9.2695810e-02 -3.7139627e-01 -6.3527989e-01 -8.7378448e-01]
Target: -1.0773634910583496
Predicted: -0.013274814002215862
Loss: 0.991046130657196

Epoch 2/30
Input Sample: [-1.2188824e-03  2.7990270e-01  5.4977202e-01  7.9758728e-01
  1.0134293e+00  1.1886587e+00  1.3162618e+00  1.3911312e+00
  1.4102699e+00  1.3729119e+00  1.2805527e+00  1.1368890e+00
  9.4767112e-01  7.2047269e-01  4.6438766e-01  1.8966614e-01
 -9.2695810e-02 -3.7139627e-01 -6.3527989e-01 -8.7378448e-01]
Target: -1.0773634910583496
Predicted: -0.046669427305459976
Loss: 0.9199407696723938

Epoch 3/30
Input Sample: [-1.2188824e-03  2.7990270e-01  5.4977202e-01  7.9758728e-01
  1.0134293e+00  1.1886587e+00  1.3162618e+00  1.3911312e+00
  1.4102699e+00  1.3729119e+00  1.2805527e+00  1.1368890e+00
  9.4767112e-01  7.2047269e-01  4.6438766e-01  1.8966614e-01
 -9.2695810e-02 -3.7139627e-01 -6.3527989e-01 -8.7378448e-01]
Target: -1.0773634910583496
Predicted: -0.07406936585903168
Loss: 0.8468055129051208

Epoch 4/30
Input Sample: [-1.2188824e-03  2.7990270e-01  5.4977202e-01  7.9758728e-01
  1.0134293e+00  1.1886587e+00  1.3162618e+00  1.3911312e+00
  1.4102699e+00  1.3729119e+00  1.2805527e+00  1.1368890e+00
  9.4767112e-01  7.2047269e-01  4.6438766e-01  1.8966614e-01
 -9.2695810e-02 -3.7139627e-01 -6.3527989e-01 -8.7378448e-01]
Target: -1.0773634910583496
Predicted: -0.09291420876979828
Loss: 0.7699910998344421

Epoch 5/30
Input Sample: [-1.2188824e-03  2.7990270e-01  5.4977202e-01  7.9758728e-01
  1.0134293e+00  1.1886587e+00  1.3162618e+00  1.3911312e+00
  1.4102699e+00  1.3729119e+00  1.2805527e+00  1.1368890e+00
  9.4767112e-01  7.2047269e-01  4.6438766e-01  1.8966614e-01
 -9.2695810e-02 -3.7139627e-01 -6.3527989e-01 -8.7378448e-01]
Target: -1.0773634910583496
Predicted: -0.09908679872751236
Loss: 0.6918957829475403

Epoch 6/30
Input Sample: [-1.2188824e-03  2.7990270e-01  5.4977202e-01  7.9758728e-01
  1.0134293e+00  1.1886587e+00  1.3162618e+00  1.3911312e+00
  1.4102699e+00  1.3729119e+00  1.2805527e+00  1.1368890e+00
  9.4767112e-01  7.2047269e-01  4.6438766e-01  1.8966614e-01
 -9.2695810e-02 -3.7139627e-01 -6.3527989e-01 -8.7378448e-01]
Target: -1.0773634910583496
Predicted: -0.0966668576002121
Loss: 0.613676130771637

Epoch 7/30
Input Sample: [-1.2188824e-03  2.7990270e-01  5.4977202e-01  7.9758728e-01
  1.0134293e+00  1.1886587e+00  1.3162618e+00  1.3911312e+00
  1.4102699e+00  1.3729119e+00  1.2805527e+00  1.1368890e+00
  9.4767112e-01  7.2047269e-01  4.6438766e-01  1.8966614e-01
 -9.2695810e-02 -3.7139627e-01 -6.3527989e-01 -8.7378448e-01]
Target: -1.0773634910583496
Predicted: -0.11696399748325348
Loss: 0.5246537327766418

Epoch 8/30
Input Sample: [-1.2188824e-03  2.7990270e-01  5.4977202e-01  7.9758728e-01
  1.0134293e+00  1.1886587e+00  1.3162618e+00  1.3911312e+00
  1.4102699e+00  1.3729119e+00  1.2805527e+00  1.1368890e+00
  9.4767112e-01  7.2047269e-01  4.6438766e-01  1.8966614e-01
 -9.2695810e-02 -3.7139627e-01 -6.3527989e-01 -8.7378448e-01]
Target: -1.0773634910583496
Predicted: -0.19444075226783752
Loss: 0.41555964946746826

Epoch 9/30
Input Sample: [-1.2188824e-03  2.7990270e-01  5.4977202e-01  7.9758728e-01
  1.0134293e+00  1.1886587e+00  1.3162618e+00  1.3911312e+00
  1.4102699e+00  1.3729119e+00  1.2805527e+00  1.1368890e+00
  9.4767112e-01  7.2047269e-01  4.6438766e-01  1.8966614e-01
 -9.2695810e-02 -3.7139627e-01 -6.3527989e-01 -8.7378448e-01]
Target: -1.0773634910583496
Predicted: -0.34239041805267334
Loss: 0.2916122376918793

Epoch 10/30
Input Sample: [-1.2188824e-03  2.7990270e-01  5.4977202e-01  7.9758728e-01
  1.0134293e+00  1.1886587e+00  1.3162618e+00  1.3911312e+00
  1.4102699e+00  1.3729119e+00  1.2805527e+00  1.1368890e+00
  9.4767112e-01  7.2047269e-01  4.6438766e-01  1.8966614e-01
 -9.2695810e-02 -3.7139627e-01 -6.3527989e-01 -8.7378448e-01]
Target: -1.0773634910583496
Predicted: -0.5679173469543457
Loss: 0.16612233221530914

Epoch 11/30
Input Sample: [-1.2188824e-03  2.7990270e-01  5.4977202e-01  7.9758728e-01
  1.0134293e+00  1.1886587e+00  1.3162618e+00  1.3911312e+00
  1.4102699e+00  1.3729119e+00  1.2805527e+00  1.1368890e+00
  9.4767112e-01  7.2047269e-01  4.6438766e-01  1.8966614e-01
 -9.2695810e-02 -3.7139627e-01 -6.3527989e-01 -8.7378448e-01]
Target: -1.0773634910583496
Predicted: -0.9040781855583191
Loss: 0.05920146778225899

Epoch 12/30
Input Sample: [-1.2188824e-03  2.7990270e-01  5.4977202e-01  7.9758728e-01
  1.0134293e+00  1.1886587e+00  1.3162618e+00  1.3911312e+00
  1.4102699e+00  1.3729119e+00  1.2805527e+00  1.1368890e+00
  9.4767112e-01  7.2047269e-01  4.6438766e-01  1.8966614e-01
 -9.2695810e-02 -3.7139627e-01 -6.3527989e-01 -8.7378448e-01]
Target: -1.0773634910583496
Predicted: -1.4228222370147705
Loss: 0.03213248774409294

Epoch 13/30
Input Sample: [-1.2188824e-03  2.7990270e-01  5.4977202e-01  7.9758728e-01
  1.0134293e+00  1.1886587e+00  1.3162618e+00  1.3911312e+00
  1.4102699e+00  1.3729119e+00  1.2805527e+00  1.1368890e+00
  9.4767112e-01  7.2047269e-01  4.6438766e-01  1.8966614e-01
 -9.2695810e-02 -3.7139627e-01 -6.3527989e-01 -8.7378448e-01]
Target: -1.0773634910583496
Predicted: -1.6236909627914429
Loss: 0.13886886835098267

Epoch 14/30
Input Sample: [-1.2188824e-03  2.7990270e-01  5.4977202e-01  7.9758728e-01
  1.0134293e+00  1.1886587e+00  1.3162618e+00  1.3911312e+00
  1.4102699e+00  1.3729119e+00  1.2805527e+00  1.1368890e+00
  9.4767112e-01  7.2047269e-01  4.6438766e-01  1.8966614e-01
 -9.2695810e-02 -3.7139627e-01 -6.3527989e-01 -8.7378448e-01]
Target: -1.0773634910583496
Predicted: -1.385195016860962
Loss: 0.09177752584218979

Epoch 15/30
Input Sample: [-1.2188824e-03  2.7990270e-01  5.4977202e-01  7.9758728e-01
  1.0134293e+00  1.1886587e+00  1.3162618e+00  1.3911312e+00
  1.4102699e+00  1.3729119e+00  1.2805527e+00  1.1368890e+00
  9.4767112e-01  7.2047269e-01  4.6438766e-01  1.8966614e-01
 -9.2695810e-02 -3.7139627e-01 -6.3527989e-01 -8.7378448e-01]
Target: -1.0773634910583496
Predicted: -1.1713855266571045
Loss: 0.01729956828057766

Epoch 16/30
Input Sample: [-1.2188824e-03  2.7990270e-01  5.4977202e-01  7.9758728e-01
  1.0134293e+00  1.1886587e+00  1.3162618e+00  1.3911312e+00
  1.4102699e+00  1.3729119e+00  1.2805527e+00  1.1368890e+00
  9.4767112e-01  7.2047269e-01  4.6438766e-01  1.8966614e-01
 -9.2695810e-02 -3.7139627e-01 -6.3527989e-01 -8.7378448e-01]
Target: -1.0773634910583496
Predicted: -1.0507146120071411
Loss: 0.015303242951631546

Epoch 17/30
Input Sample: [-1.2188824e-03  2.7990270e-01  5.4977202e-01  7.9758728e-01
  1.0134293e+00  1.1886587e+00  1.3162618e+00  1.3911312e+00
  1.4102699e+00  1.3729119e+00  1.2805527e+00  1.1368890e+00
  9.4767112e-01  7.2047269e-01  4.6438766e-01  1.8966614e-01
 -9.2695810e-02 -3.7139627e-01 -6.3527989e-01 -8.7378448e-01]
Target: -1.0773634910583496
Predicted: -0.9061406850814819
Loss: 0.03966296464204788

Epoch 18/30
Input Sample: [-1.2188824e-03  2.7990270e-01  5.4977202e-01  7.9758728e-01
  1.0134293e+00  1.1886587e+00  1.3162618e+00  1.3911312e+00
  1.4102699e+00  1.3729119e+00  1.2805527e+00  1.1368890e+00
  9.4767112e-01  7.2047269e-01  4.6438766e-01  1.8966614e-01
 -9.2695810e-02 -3.7139627e-01 -6.3527989e-01 -8.7378448e-01]
Target: -1.0773634910583496
Predicted: -0.7658436894416809
Loss: 0.05048319324851036

Epoch 19/30
Input Sample: [-1.2188824e-03  2.7990270e-01  5.4977202e-01  7.9758728e-01
  1.0134293e+00  1.1886587e+00  1.3162618e+00  1.3911312e+00
  1.4102699e+00  1.3729119e+00  1.2805527e+00  1.1368890e+00
  9.4767112e-01  7.2047269e-01  4.6438766e-01  1.8966614e-01
 -9.2695810e-02 -3.7139627e-01 -6.3527989e-01 -8.7378448e-01]
Target: -1.0773634910583496
Predicted: -0.712855875492096
Loss: 0.05426137149333954

Epoch 20/30
Input Sample: [-1.2188824e-03  2.7990270e-01  5.4977202e-01  7.9758728e-01
  1.0134293e+00  1.1886587e+00  1.3162618e+00  1.3911312e+00
  1.4102699e+00  1.3729119e+00  1.2805527e+00  1.1368890e+00
  9.4767112e-01  7.2047269e-01  4.6438766e-01  1.8966614e-01
 -9.2695810e-02 -3.7139627e-01 -6.3527989e-01 -8.7378448e-01]
Target: -1.0773634910583496
Predicted: -0.7577935457229614
Loss: 0.043868642300367355

Epoch 21/30
Input Sample: [-1.2188824e-03  2.7990270e-01  5.4977202e-01  7.9758728e-01
  1.0134293e+00  1.1886587e+00  1.3162618e+00  1.3911312e+00
  1.4102699e+00  1.3729119e+00  1.2805527e+00  1.1368890e+00
  9.4767112e-01  7.2047269e-01  4.6438766e-01  1.8966614e-01
 -9.2695810e-02 -3.7139627e-01 -6.3527989e-01 -8.7378448e-01]
Target: -1.0773634910583496
Predicted: -0.8511673212051392
Loss: 0.030469760298728943

Epoch 22/30
Input Sample: [-1.2188824e-03  2.7990270e-01  5.4977202e-01  7.9758728e-01
  1.0134293e+00  1.1886587e+00  1.3162618e+00  1.3911312e+00
  1.4102699e+00  1.3729119e+00  1.2805527e+00  1.1368890e+00
  9.4767112e-01  7.2047269e-01  4.6438766e-01  1.8966614e-01
 -9.2695810e-02 -3.7139627e-01 -6.3527989e-01 -8.7378448e-01]
Target: -1.0773634910583496
Predicted: -0.9423062205314636
Loss: 0.021971046924591064

Epoch 23/30
Input Sample: [-1.2188824e-03  2.7990270e-01  5.4977202e-01  7.9758728e-01
  1.0134293e+00  1.1886587e+00  1.3162618e+00  1.3911312e+00
  1.4102699e+00  1.3729119e+00  1.2805527e+00  1.1368890e+00
  9.4767112e-01  7.2047269e-01  4.6438766e-01  1.8966614e-01
 -9.2695810e-02 -3.7139627e-01 -6.3527989e-01 -8.7378448e-01]
Target: -1.0773634910583496
Predicted: -1.006571650505066
Loss: 0.015192144550383091

Epoch 24/30
Input Sample: [-1.2188824e-03  2.7990270e-01  5.4977202e-01  7.9758728e-01
  1.0134293e+00  1.1886587e+00  1.3162618e+00  1.3911312e+00
  1.4102699e+00  1.3729119e+00  1.2805527e+00  1.1368890e+00
  9.4767112e-01  7.2047269e-01  4.6438766e-01  1.8966614e-01
 -9.2695810e-02 -3.7139627e-01 -6.3527989e-01 -8.7378448e-01]
Target: -1.0773634910583496
Predicted: -1.0482516288757324
Loss: 0.008761944249272346

Epoch 25/30
Input Sample: [-1.2188824e-03  2.7990270e-01  5.4977202e-01  7.9758728e-01
  1.0134293e+00  1.1886587e+00  1.3162618e+00  1.3911312e+00
  1.4102699e+00  1.3729119e+00  1.2805527e+00  1.1368890e+00
  9.4767112e-01  7.2047269e-01  4.6438766e-01  1.8966614e-01
 -9.2695810e-02 -3.7139627e-01 -6.3527989e-01 -8.7378448e-01]
Target: -1.0773634910583496
Predicted: -1.0855860710144043
Loss: 0.005829602479934692

Epoch 26/30
Input Sample: [-1.2188824e-03  2.7990270e-01  5.4977202e-01  7.9758728e-01
  1.0134293e+00  1.1886587e+00  1.3162618e+00  1.3911312e+00
  1.4102699e+00  1.3729119e+00  1.2805527e+00  1.1368890e+00
  9.4767112e-01  7.2047269e-01  4.6438766e-01  1.8966614e-01
 -9.2695810e-02 -3.7139627e-01 -6.3527989e-01 -8.7378448e-01]
Target: -1.0773634910583496
Predicted: -1.1328850984573364
Loss: 0.007450935896486044

Epoch 27/30
Input Sample: [-1.2188824e-03  2.7990270e-01  5.4977202e-01  7.9758728e-01
  1.0134293e+00  1.1886587e+00  1.3162618e+00  1.3911312e+00
  1.4102699e+00  1.3729119e+00  1.2805527e+00  1.1368890e+00
  9.4767112e-01  7.2047269e-01  4.6438766e-01  1.8966614e-01
 -9.2695810e-02 -3.7139627e-01 -6.3527989e-01 -8.7378448e-01]
Target: -1.0773634910583496
Predicted: -1.1890145540237427
Loss: 0.01043748576194048

Epoch 28/30
Input Sample: [-1.2188824e-03  2.7990270e-01  5.4977202e-01  7.9758728e-01
  1.0134293e+00  1.1886587e+00  1.3162618e+00  1.3911312e+00
  1.4102699e+00  1.3729119e+00  1.2805527e+00  1.1368890e+00
  9.4767112e-01  7.2047269e-01  4.6438766e-01  1.8966614e-01
 -9.2695810e-02 -3.7139627e-01 -6.3527989e-01 -8.7378448e-01]
Target: -1.0773634910583496
Predicted: -1.238834261894226
Loss: 0.011583935469388962

Epoch 29/30
Input Sample: [-1.2188824e-03  2.7990270e-01  5.4977202e-01  7.9758728e-01
  1.0134293e+00  1.1886587e+00  1.3162618e+00  1.3911312e+00
  1.4102699e+00  1.3729119e+00  1.2805527e+00  1.1368890e+00
  9.4767112e-01  7.2047269e-01  4.6438766e-01  1.8966614e-01
 -9.2695810e-02 -3.7139627e-01 -6.3527989e-01 -8.7378448e-01]
Target: -1.0773634910583496
Predicted: -1.2656326293945312
Loss: 0.010954814963042736

Epoch 30/30
Input Sample: [-1.2188824e-03  2.7990270e-01  5.4977202e-01  7.9758728e-01
  1.0134293e+00  1.1886587e+00  1.3162618e+00  1.3911312e+00
  1.4102699e+00  1.3729119e+00  1.2805527e+00  1.1368890e+00
  9.4767112e-01  7.2047269e-01  4.6438766e-01  1.8966614e-01
 -9.2695810e-02 -3.7139627e-01 -6.3527989e-01 -8.7378448e-01]
Target: -1.0773634910583496
Predicted: -1.2627513408660889
Loss: 0.009806524962186813
